#time =  2.0000127E+03
#uTau =  5.7344979E-02
#ReTau =  2.8784599E+02
#  y     y+     uu     vv     ww     uv
  0.000000000E+00  0.000000000E+00  0.000000000E+00  0.000000000E+00  0.000000000E+00  0.000000000E+00
  1.845017964E-03  5.310810212E-01  5.179922666E-02  1.891533491E-06  1.180419805E-02 -9.143816087E-05
  5.873392890E-03  1.690632587E+00  5.223021056E-01  1.220012746E-04  9.845238060E-02 -2.938862835E-03
  1.137423075E-02  3.274026704E+00  1.904487563E+00  1.270924221E-03  2.878622724E-01 -2.091941318E-02
  1.739576925E-02  5.007302411E+00  4.113679961E+00  5.247796182E-03  5.203901749E-01 -6.886837845E-02
  2.289660711E-02  6.590696527E+00  6.312282794E+00  1.239051132E-02  7.219256985E-01 -1.380505936E-01
  2.692498204E-02  7.750248093E+00  7.786658961E+00  2.001954216E-02  8.554121693E-01 -1.992219486E-01
  2.877000000E-02  8.281329114E+00  8.388300770E+00  2.420188282E-02  9.120487679E-01 -2.288570312E-01
  2.877000000E-02  8.281329114E+00  8.388300770E+00  2.420188282E-02  9.120487679E-01 -2.288570312E-01
  3.135828380E-02  9.026356226E+00  9.138610842E+00  3.078368644E-02  9.866359423E-01 -2.711100288E-01
  3.700949034E-02  1.065303336E+01  1.037272152E+01  4.791289794E-02  1.130055320E+00 -3.619033355E-01
  4.472634178E-02  1.287429810E+01  1.123106076E+01  7.669957551E-02  1.285258095E+00 -4.726724143E-01
  5.317365822E-02  1.530582426E+01  1.136826386E+01  1.138095679E-01  1.407360945E+00 -5.687958773E-01
  6.089050966E-02  1.752708900E+01  1.106303056E+01  1.512195147E-01  1.482090197E+00 -6.342436649E-01
  6.654171620E-02  1.915376613E+01  1.070448733E+01  1.799073225E-01  1.518588794E+00 -6.708708130E-01
  6.913000000E-02  1.989879325E+01  1.051998828E+01  1.932549983E-01  1.530977324E+00 -6.850009967E-01
  6.913000000E-02  1.989879325E+01  1.051998828E+01  1.932549983E-01  1.530977324E+00 -6.850009967E-01
  7.276167769E-02  2.094415710E+01  1.024943223E+01  2.120942613E-01  1.544400735E+00 -7.024078599E-01
  8.069100936E-02  2.322658342E+01  9.643148641E+00  2.532103757E-01  1.560338237E+00 -7.322583775E-01
  9.151869265E-02  2.634328863E+01  8.846518103E+00  3.079679106E-01  1.560550173E+00 -7.595077938E-01
  1.033713074E-01  2.975501624E+01  8.066389722E+00  3.643012159E-01  1.543164057E+00 -7.772705649E-01
  1.141989906E-01  3.287172145E+01  7.447336673E+00  4.113786162E-01  1.518290819E+00 -7.862144092E-01
  1.221283223E-01  3.515414776E+01  7.047108882E+00  4.428921774E-01  1.497108410E+00 -7.896895058E-01
  1.257600000E-01  3.619951162E+01  6.877491599E+00  4.564632544E-01  1.486912713E+00 -7.906071225E-01
  1.257600000E-01  3.619951162E+01  6.877491599E+00  4.564632544E-01  1.486912713E+00 -7.906071225E-01
  1.308538400E-01  3.766575304E+01  6.652954578E+00  4.745831345E-01  1.472276606E+00 -7.912953047E-01
  1.419756273E-01  4.086711491E+01  6.211765223E+00  5.104845029E-01  1.439645920E+00 -7.908004781E-01
  1.571626816E-01  4.523864757E+01  5.700326530E+00  5.517699162E-01  1.395009154E+00 -7.867948880E-01
  1.737873184E-01  5.002398262E+01  5.234779874E+00  5.876824368E-01  1.347476618E+00 -7.793471332E-01
  1.889743727E-01  5.439551528E+01  4.874825573E+00  6.131125961E-01  1.305752995E+00 -7.706309942E-01
  2.000961600E-01  5.759687715E+01  4.642368743E+00  6.278840717E-01  1.276258855E+00 -7.634158670E-01
  2.051900000E-01  5.906311856E+01  4.543476610E+00  6.336836852E-01  1.263042743E+00 -7.599220553E-01
  2.051900000E-01  5.906311856E+01  4.543476610E+00  6.336836852E-01  1.263042743E+00 -7.599220553E-01
  2.123366389E-01  6.112024991E+01  4.411872097E+00  6.408868593E-01  1.244780975E+00 -7.548452614E-01
  2.279404659E-01  6.561174892E+01  4.149671091E+00  6.532193852E-01  1.206002337E+00 -7.431275270E-01
  2.492478476E-01  7.174499329E+01  3.837330170E+00  6.637361403E-01  1.155278669E+00 -7.259782229E-01
  2.725721524E-01  7.845880089E+01  3.545596074E+00  6.686749954E-01  1.102834236E+00 -7.061655534E-01
  2.938795341E-01  8.459204525E+01  3.314947073E+00  6.685672765E-01  1.057509219E+00 -6.874863275E-01
  3.094833611E-01  8.908354426E+01  3.162748255E+00  6.662887244E-01  1.025686471E+00 -6.735150759E-01
  3.166300000E-01  9.114067562E+01  3.097052791E+00  6.647237560E-01  1.011462074E+00 -6.670474493E-01
  3.166300000E-01  9.114067562E+01  3.097052791E+00  6.647237560E-01  1.011462074E+00 -6.670474493E-01
  3.266567139E-01  9.402682500E+01  3.009570282E+00  6.620553725E-01  9.919590751E-01 -6.578962160E-01
  3.485488383E-01  1.003283852E+02  2.830022341E+00  6.545596140E-01  9.504331612E-01 -6.376586430E-01
  3.784430336E-01  1.089333094E+02  2.609036576E+00  6.414996232E-01  8.961638292E-01 -6.095757529E-01
  4.111669664E-01  1.183527622E+02  2.396756831E+00  6.246804687E-01  8.405971319E-01 -5.784398187E-01
  4.410611617E-01  1.269576865E+02  2.224204570E+00  6.078264149E-01  7.931985012E-01 -5.497128922E-01
  4.629532861E-01  1.332592467E+02  2.108036568E+00  5.948950974E-01  7.603279215E-01 -5.285219348E-01
  4.729800000E-01  1.361453961E+02  2.057085334E+00  5.888440573E-01  7.457908486E-01 -5.187767249E-01
  4.729800000E-01  1.361453961E+02  2.057085334E+00  5.888440573E-01  7.457908486E-01 -5.187767249E-01
  4.870449753E-01  1.401939428E+02  1.991035413E+00  5.803004331E-01  7.263318670E-01 -5.051224212E-01
  5.177541581E-01  1.490334579E+02  1.851152380E+00  5.613468565E-01  6.854138963E-01 -4.751450472E-01
  5.596882478E-01  1.611040174E+02  1.679138268E+00  5.353341566E-01  6.345351326E-01 -4.341167958E-01
  6.055917522E-01  1.743171571E+02  1.514705275E+00  5.074229637E-01  5.857209742E-01 -3.890136506E-01
  6.475258419E-01  1.863877166E+02  1.381811433E+00  4.830598328E-01  5.465549311E-01 -3.477721067E-01
  6.782350247E-01  1.952272317E+02  1.292272748E+00  4.662085206E-01  5.204825214E-01 -3.174920310E-01
  6.923000000E-01  1.992757784E+02  1.253505200E+00  4.587863457E-01  5.092121707E-01 -3.036335181E-01
  6.923000000E-01  1.992757784E+02  1.253505200E+00  4.587863457E-01  5.092121707E-01 -3.036335181E-01
  7.120327782E-01  2.049557795E+02  1.204755180E+00  4.488448019E-01  4.948553637E-01 -2.841721908E-01
  7.551169271E-01  2.173573790E+02  1.102204069E+00  4.286663284E-01  4.657580301E-01 -2.416116538E-01
  8.139493153E-01  2.342920460E+02  9.877836404E-01  4.053229625E-01  4.343089525E-01 -1.834388931E-01
  8.783506847E-01  2.528297219E+02  8.989808249E-01  3.864749000E-01  4.108998301E-01 -1.197899615E-01
  9.371830729E-01  2.697643889E+02  8.505621972E-01  3.760667760E-01  3.987479883E-01 -6.167404549E-02
  9.802672218E-01  2.821659883E+02  8.343080281E-01  3.726424432E-01  3.947051305E-01 -1.913686653E-02
  1.000000000E+00  2.878459894E+02  8.313563683E-01  3.722391312E-01  3.940224295E-01  3.507300681E-04
