#time =  2.0000051E+03
#uTau =  5.3124014E-02
#ReTau =  2.6665865E+02
#  y     y+     uu     vv     ww     uv
  0.000000000E+00  0.000000000E+00  0.000000000E+00  0.000000000E+00  0.000000000E+00  0.000000000E+00
  1.845017964E-03  4.919899930E-01  4.875286840E-02  1.800320684E-06  1.274832256E-02 -6.053710913E-05
  5.873392890E-03  1.566190999E+00  4.835299242E-01  9.655598054E-05  1.084676542E-01 -1.936453235E-03
  1.137423075E-02  3.033036977E+00  1.752575654E+00  9.639407920E-04  3.266178559E-01 -1.404519194E-02
  1.739576925E-02  4.638732283E+00  3.831685136E+00  3.940690906E-03  6.102147859E-01 -4.757486613E-02
  2.289660711E-02  6.105578262E+00  6.008743316E+00  9.339893825E-03  8.716953881E-01 -9.839555205E-02
  2.692498204E-02  7.179779267E+00  7.553532762E+00  1.520868072E-02  1.054163622E+00 -1.454412840E-01
  2.877000000E-02  7.671769260E+00  8.210425128E+00  1.847242809E-02  1.134082985E+00 -1.689209557E-01
  2.877000000E-02  7.671769260E+00  8.210425128E+00  1.847242809E-02  1.134082985E+00 -1.689209557E-01
  3.135828380E-02  8.361957516E+00  9.058362812E+00  2.367531118E-02  1.241792843E+00 -2.031806954E-01
  3.700949034E-02  9.868900602E+00  1.055981541E+01  3.759450799E-02  1.457551213E+00 -2.800714017E-01
  4.472634178E-02  1.192666576E+01  1.180678753E+01  6.217167649E-02  1.706173097E+00 -3.807447915E-01
  5.317365822E-02  1.417921573E+01  1.227819754E+01  9.585993823E-02  1.917093163E+00 -4.756616780E-01
  6.089050966E-02  1.623698089E+01  1.214929992E+01  1.318103710E-01  2.057764127E+00 -5.454492483E-01
  6.654171620E-02  1.774392398E+01  1.184680961E+01  1.605404098E-01  2.133129654E+00 -5.868567188E-01
  6.913000000E-02  1.843411223E+01  1.167089207E+01  1.742126550E-01  2.160741517E+00 -6.033832543E-01
  6.913000000E-02  1.843411223E+01  1.167089207E+01  1.742126550E-01  2.160741517E+00 -6.033832543E-01
  7.276167769E-02  1.940253049E+01  1.139747991E+01  1.938095413E-01  2.192902658E+00 -6.242523422E-01
  8.069100936E-02  2.151695534E+01  1.073932186E+01  2.376792743E-01  2.239749285E+00 -6.616758617E-01
  9.151869265E-02  2.440425071E+01  9.813238118E+00  2.981220501E-01  2.262521672E+00 -6.986127115E-01
  1.033713074E-01  2.756485291E+01  8.865598250E+00  3.623751766E-01  2.249032923E+00 -7.256307483E-01
  1.141989906E-01  3.045214828E+01  8.096585784E+00  4.175697756E-01  2.213859501E+00 -7.417474403E-01
  1.221283223E-01  3.256657313E+01  7.595025498E+00  4.553034461E-01  2.179358248E+00 -7.497376385E-01
  1.257600000E-01  3.353499139E+01  7.381978420E+00  4.717620177E-01  2.161876973E+00 -7.525377824E-01
  1.257600000E-01  3.353499139E+01  7.381978420E+00  4.717620177E-01  2.161876973E+00 -7.525377824E-01
  1.308538400E-01  3.489330787E+01  7.099926285E+00  4.939507415E-01  2.136063066E+00 -7.556794060E-01
  1.419756273E-01  3.785902861E+01  6.546904493E+00  5.387252001E-01  2.076267591E+00 -7.598810693E-01
  1.571626816E-01  4.190878795E+01  5.911762493E+00  5.919057822E-01  1.991383508E+00 -7.610292620E-01
  1.737873184E-01  4.634189112E+01  5.343513339E+00  6.403407855E-01  1.899224664E+00 -7.578920890E-01
  1.889743727E-01  5.039165045E+01  4.913459534E+00  6.766300208E-01  1.817921828E+00 -7.521409300E-01
  2.000961600E-01  5.335737120E+01  4.640903616E+00  6.989487483E-01  1.760792007E+00 -7.465896373E-01
  2.051900000E-01  5.471568768E+01  4.526208944E+00  7.080793155E-01  1.735412676E+00 -7.437498062E-01
  2.051900000E-01  5.471568768E+01  4.526208944E+00  7.080793155E-01  1.735412676E+00 -7.437498062E-01
  2.123366389E-01  5.662140074E+01  4.374850377E+00  7.198185926E-01  1.700650907E+00 -7.394884249E-01
  2.279404659E-01  6.078229612E+01  4.078096005E+00  7.414653790E-01  1.628147328E+00 -7.292989269E-01
  2.492478476E-01  6.646409368E+01  3.733142927E+00  7.633914376E-01  1.536304237E+00 -7.138549867E-01
  2.725721524E-01  7.268372124E+01  3.416637312E+00  7.791500902E-01  1.445299954E+00 -6.954960567E-01
  2.938795341E-01  7.836551881E+01  3.169094990E+00  7.874669946E-01  1.369178466E+00 -6.777587373E-01
  3.094833611E-01  8.252641419E+01  3.007671393E+00  7.904893818E-01  1.316633827E+00 -6.643335819E-01
  3.166300000E-01  8.443212725E+01  2.938630639E+00  7.911067047E-01  1.293424286E+00 -6.580906744E-01
  3.166300000E-01  8.443212725E+01  2.938630639E+00  7.911067047E-01  1.293424286E+00 -6.580906744E-01
  3.266567139E-01  8.710583720E+01  2.847124547E+00  7.912422691E-01  1.261939720E+00 -6.492384920E-01
  3.485488383E-01  9.294356147E+01  2.663199050E+00  7.888172541E-01  1.196141355E+00 -6.295881028E-01
  3.784430336E-01  1.009151071E+02  2.442453239E+00  7.804148033E-01  1.112949999E+00 -6.021856949E-01
  4.111669664E-01  1.096412267E+02  2.233885646E+00  7.659247916E-01  1.030611881E+00 -5.716900266E-01
  4.410611617E-01  1.176127724E+02  2.066401340E+00  7.490495630E-01  9.617485541E-01 -5.434423744E-01
  4.629532861E-01  1.234504967E+02  1.954067212E+00  7.350534331E-01  9.146988977E-01 -5.225724160E-01
  4.729800000E-01  1.261242066E+02  1.904830067E+00  7.282657888E-01  8.941091532E-01 -5.129507757E-01
  4.729800000E-01  1.261242066E+02  1.904830067E+00  7.282657888E-01  8.941091532E-01 -5.129507757E-01
  4.870449753E-01  1.298747539E+02  1.840475178E+00  7.184862454E-01  8.668273182E-01 -4.994932664E-01
  5.177541581E-01  1.380636230E+02  1.705008343E+00  6.960744740E-01  8.097031096E-01 -4.698881621E-01
  5.596882478E-01  1.492457106E+02  1.537959400E+00  6.641357470E-01  7.392549971E-01 -4.292814807E-01
  6.055917522E-01  1.614862770E+02  1.378505067E+00  6.287521041E-01  6.718194057E-01 -3.846026883E-01
  6.475258419E-01  1.726683646E+02  1.250810258E+00  5.971398174E-01  6.168287632E-01 -3.438003032E-01
  6.782350247E-01  1.808572337E+02  1.165328203E+00  5.749219655E-01  5.801150066E-01 -3.137592043E-01
  6.923000000E-01  1.846077810E+02  1.127940724E+00  5.650578453E-01  5.643273173E-01 -3.000905708E-01
  6.923000000E-01  1.846077810E+02  1.127940724E+00  5.650578453E-01  5.643273173E-01 -3.000905708E-01
  7.120327782E-01  1.898696969E+02  1.081707659E+00  5.517772829E-01  5.447511328E-01 -2.807502465E-01
  7.551169271E-01  2.013584577E+02  9.832195983E-01  5.246453356E-01  5.043713372E-01 -2.386909691E-01
  8.139493153E-01  2.170466228E+02  8.740127811E-01  4.931786689E-01  4.600824597E-01 -1.811388455E-01
  8.783506847E-01  2.342198047E+02  7.910248517E-01  4.677279353E-01  4.259068494E-01 -1.182010151E-01
  9.371830729E-01  2.499079698E+02  7.481557259E-01  4.534882259E-01  4.074905879E-01 -6.077230786E-02
  9.802672218E-01  2.613967306E+02  7.346575001E-01  4.487586167E-01  4.012329081E-01 -1.864439875E-02
  1.000000000E+00  2.666586465E+02  7.317733065E-01  4.481906289E-01  4.000477125E-01  5.989598079E-04
