#time =  2.0000107E+03
#uTau =  5.8927760E-02
#ReTau =  2.9579084E+02
#  y     y+     uu     vv     ww     uv
  0.000000000E+00  0.000000000E+00  0.000000000E+00  0.000000000E+00  0.000000000E+00  0.000000000E+00
  1.845017964E-03  5.457394047E-01  4.254581058E-02  3.548275066E-06  1.227747769E-02 -1.158411015E-04
  5.873392890E-03  1.737295789E+00  4.287296622E-01  2.750468553E-04  9.872499158E-02 -3.818180471E-03
  1.137423075E-02  3.364393215E+00  1.552758145E+00  2.748538071E-03  2.749282653E-01 -2.703011888E-02
  1.739576925E-02  5.145509118E+00  3.294137450E+00  1.056633375E-02  4.749955603E-01 -8.632381482E-02
  2.289660711E-02  6.772606544E+00  4.947735069E+00  2.339909614E-02  6.386083871E-01 -1.667443354E-01
  2.692498204E-02  7.964162929E+00  6.013761416E+00  3.619699010E-02  7.439959557E-01 -2.340527135E-01
  2.877000000E-02  8.509902333E+00  6.440403449E+00  4.294353688E-02  7.883665841E-01 -2.656203666E-01
  2.877000000E-02  8.509902333E+00  6.440403449E+00  4.294353688E-02  7.883665841E-01 -2.656203666E-01
  3.135828380E-02  9.275492962E+00  6.967665078E+00  5.326151175E-02  8.467404300E-01 -3.096175344E-01
  3.700949034E-02  1.094706806E+01  7.835079937E+00  7.881326443E-02  9.597889083E-01 -4.008230670E-01
  4.472634178E-02  1.322964200E+01  8.484555453E+00  1.188295907E-01  1.086000723E+00 -5.075907086E-01
  5.317365822E-02  1.572828078E+01  8.700667661E+00  1.668599583E-01  1.192236842E+00 -5.979927894E-01
  6.089050966E-02  1.801085472E+01  8.623938464E+00  2.125396111E-01  1.264578435E+00 -6.592425272E-01
  6.654171620E-02  1.968242982E+01  8.469828232E+00  2.462203254E-01  1.304962150E+00 -6.936280573E-01
  6.913000000E-02  2.044802045E+01  8.381312123E+00  2.615710195E-01  1.320363953E+00 -7.069285804E-01
  6.913000000E-02  2.044802045E+01  8.381312123E+00  2.615710195E-01  1.320363953E+00 -7.069285804E-01
  7.276167769E-02  2.152223743E+01  8.243698671E+00  2.829411100E-01  1.339052721E+00 -7.233386160E-01
  8.069100936E-02  2.386766107E+01  7.908508484E+00  3.285647153E-01  1.369539976E+00 -7.515023222E-01
  9.151869265E-02  2.707039055E+01  7.420647328E+00  3.876295100E-01  1.393079524E+00 -7.770840150E-01
  1.033713074E-01  3.057628536E+01  6.895208053E+00  4.468839868E-01  1.401818940E+00 -7.934314503E-01
  1.141989906E-01  3.377901484E+01  6.445596237E+00  4.954830046E-01  1.399306359E+00 -8.012875325E-01
  1.221283223E-01  3.612443848E+01  6.139666896E+00  5.276095602E-01  1.393098412E+00 -8.040422156E-01
  1.257600000E-01  3.719865546E+01  6.006458951E+00  5.413498232E-01  1.389329572E+00 -8.046447137E-01
  1.257600000E-01  3.719865546E+01  6.006458951E+00  5.413498232E-01  1.389329572E+00 -8.046447137E-01
  1.308538400E-01  3.870536664E+01  5.826836205E+00  5.596066813E-01  1.383241629E+00 -8.049044359E-01
  1.419756273E-01  4.199508940E+01  5.462968726E+00  5.954808205E-01  1.367402067E+00 -8.035248851E-01
  1.571626816E-01  4.648728087E+01  5.023026620E+00  6.362013401E-01  1.341754233E+00 -7.984383295E-01
  1.737873184E-01  5.140469610E+01  4.607885592E+00  6.710450237E-01  1.310292199E+00 -7.899737978E-01
  1.889743727E-01  5.589688756E+01  4.280226923E+00  6.952064023E-01  1.279595382E+00 -7.804592100E-01
  2.000961600E-01  5.918661032E+01  4.067203785E+00  7.088923872E-01  1.256443094E+00 -7.727221264E-01
  2.051900000E-01  6.069332151E+01  3.976582964E+00  7.141505115E-01  1.245746955E+00 -7.690031862E-01
  2.051900000E-01  6.069332151E+01  3.976582964E+00  7.141505115E-01  1.245746955E+00 -7.690031862E-01
  2.123366389E-01  6.280723181E+01  3.856513344E+00  7.205506435E-01  1.230708284E+00 -7.636259550E-01
  2.279404659E-01  6.742270082E+01  3.617906809E+00  7.309507212E-01  1.197838213E+00 -7.512959775E-01
  2.492478476E-01  7.372522905E+01  3.335964240E+00  7.384999744E-01  1.153343761E+00 -7.334664146E-01
  2.725721524E-01  8.062434466E+01  3.075183790E+00  7.399180640E-01  1.105840066E+00 -7.130382277E-01
  2.938795341E-01  8.692687289E+01  2.870137822E+00  7.364376711E-01  1.063552830E+00 -6.938343947E-01
  3.094833611E-01  9.154234190E+01  2.735293696E+00  7.316204893E-01  1.033268102E+00 -6.794835440E-01
  3.166300000E-01  9.365625220E+01  2.677151518E+00  7.288678986E-01  1.019609004E+00 -6.728489100E-01
  3.166300000E-01  9.365625220E+01  2.677151518E+00  7.288678986E-01  1.019609004E+00 -6.728489100E-01
  3.266567139E-01  9.662206228E+01  2.600919917E+00  7.245432023E-01  1.000887642E+00 -6.634825143E-01
  3.485488383E-01  1.030975521E+02  2.444033556E+00  7.133593479E-01  9.608497930E-01 -6.428170289E-01
  3.784430336E-01  1.119399811E+02  2.253464936E+00  6.952764847E-01  9.088603901E-01 -6.142798590E-01
  4.111669664E-01  1.216194205E+02  2.071928671E+00  6.732001038E-01  8.559118278E-01 -5.826745314E-01
  4.410611617E-01  1.304618495E+02  1.924257303E+00  6.519005638E-01  8.103464579E-01 -5.536603398E-01
  4.629532861E-01  1.369373392E+02  1.824005048E+00  6.359721002E-01  7.782318908E-01 -5.323043177E-01
  4.729800000E-01  1.399031493E+02  1.779974360E+00  6.286053558E-01  7.638608824E-01 -5.225168928E-01
  4.729800000E-01  1.399031493E+02  1.779974360E+00  6.286053558E-01  7.638608824E-01 -5.225168928E-01
  4.870449753E-01  1.440634401E+02  1.723307979E+00  6.183482657E-01  7.445821113E-01 -5.087818521E-01
  5.177541581E-01  1.531469349E+02  1.601327523E+00  5.958794455E-01  7.032276304E-01 -4.786498961E-01
  5.596882478E-01  1.655506543E+02  1.450857582E+00  5.656323013E-01  6.505037826E-01 -4.374101170E-01
  6.055917522E-01  1.791284903E+02  1.307681151E+00  5.335706057E-01  5.985562104E-01 -3.921064607E-01
  6.475258419E-01  1.915322097E+02  1.191764977E+00  5.055964716E-01  5.563244187E-01 -3.506947416E-01
  6.782350247E-01  2.006157045E+02  1.112856625E+00  4.861912118E-01  5.279596381E-01 -3.202516970E-01
  6.923000000E-01  2.047759953E+02  1.078391469E+00  4.776242559E-01  5.155852323E-01 -3.063396291E-01
  6.923000000E-01  2.047759953E+02  1.078391469E+00  4.776242559E-01  5.155852323E-01 -3.063396291E-01
  7.120327782E-01  2.106127703E+02  1.035009020E+00  4.662261848E-01  4.997348461E-01 -2.868131546E-01
  7.551169271E-01  2.233566667E+02  9.420498590E-01  4.431161495E-01  4.667656946E-01 -2.441326271E-01
  8.139493153E-01  2.407587479E+02  8.381470944E-01  4.166073935E-01  4.307455978E-01 -1.858532158E-01
  8.783506847E-01  2.598080828E+02  7.581450093E-01  3.950932548E-01  4.045885249E-01 -1.219901642E-01
  9.371830729E-01  2.772101640E+02  7.156460569E-01  3.830099461E-01  3.911361562E-01 -6.378333810E-02
  9.802672218E-01  2.899540604E+02  7.018058638E-01  3.789833040E-01  3.865843823E-01 -2.113515820E-02
  1.000000000E+00  2.957908354E+02  6.989916278E-01  3.784820965E-01  3.857308431E-01 -1.656074986E-03
