#time =  2.0000011E+03
#uTau =  5.3838070E-02
#ReTau =  2.7024288E+02
#  y     y+     uu     vv     ww     uv
  0.000000000E+00  0.000000000E+00  0.000000000E+00  0.000000000E+00  0.000000000E+00  0.000000000E+00
  1.845017964E-03  4.986029769E-01  4.933556888E-02  1.166587708E-06  1.154617528E-02 -5.957127011E-05
  5.873392890E-03  1.587242638E+00  4.938402180E-01  7.310066491E-05  9.851628262E-02 -1.927621798E-03
  1.137423075E-02  3.073804930E+00  1.802923543E+00  7.684913599E-04  2.976301217E-01 -1.397498879E-02
  1.739576925E-02  4.701082864E+00  3.960394123E+00  3.245544803E-03  5.575078213E-01 -4.739923934E-02
  2.289660711E-02  6.187645156E+00  6.233266549E+00  7.857546202E-03  7.975415167E-01 -9.823503797E-02
  2.692498204E-02  7.276284817E+00  7.858035936E+00  1.294832116E-02  9.650819418E-01 -1.454697915E-01
  2.877000000E-02  7.774887794E+00  8.553213859E+00  1.579912335E-02  1.038452724E+00 -1.691082566E-01
  2.877000000E-02  7.774887794E+00  8.553213859E+00  1.579912335E-02  1.038452724E+00 -1.691082566E-01
  3.135828380E-02  8.474353076E+00  9.455653504E+00  2.036230252E-02  1.137330419E+00 -2.036817831E-01
  3.700949034E-02  1.000155143E+01  1.107448019E+01  3.263266840E-02  1.335398196E+00 -2.816649111E-01
  4.472634178E-02  1.208697563E+01  1.246233228E+01  5.437511909E-02  1.563674704E+00 -3.846879863E-01
  5.317365822E-02  1.436980279E+01  1.304234357E+01  8.419824897E-02  1.756901119E+00 -4.828836593E-01
  6.089050966E-02  1.645522698E+01  1.296522745E+01  1.160418397E-01  1.884516435E+00 -5.556780499E-01
  6.654171620E-02  1.798242534E+01  1.267525930E+01  1.415324183E-01  1.951615816E+00 -5.989893671E-01
  6.913000000E-02  1.868189062E+01  1.249917937E+01  1.536833993E-01  1.975736348E+00 -6.162615065E-01
  6.913000000E-02  1.868189062E+01  1.249917937E+01  1.536833993E-01  1.975736348E+00 -6.162615065E-01
  7.276167769E-02  1.966332568E+01  1.222044922E+01  1.711283351E-01  2.003289858E+00 -6.380270101E-01
  8.069100936E-02  2.180617114E+01  1.153519271E+01  2.103210746E-01  2.041287580E+00 -6.767861696E-01
  9.151869265E-02  2.473227551E+01  1.055324629E+01  2.646765500E-01  2.055034499E+00 -7.143233744E-01
  1.033713074E-01  2.793536030E+01  9.539022343E+00  3.229139846E-01  2.036139065E+00 -7.408757677E-01
  1.141989906E-01  3.086146466E+01  8.715232200E+00  3.732769208E-01  1.999917486E+00 -7.560339886E-01
  1.221283223E-01  3.300431013E+01  8.179297118E+00  4.078556706E-01  1.966515806E+00 -7.632012199E-01
  1.257600000E-01  3.398574519E+01  7.952047333E+00  4.229695829E-01  1.949947057E+00 -7.656138193E-01
  1.257600000E-01  3.398574519E+01  7.952047333E+00  4.229695829E-01  1.949947057E+00 -7.656138193E-01
  1.308538400E-01  3.536231920E+01  7.651452125E+00  4.433703564E-01  1.925761044E+00 -7.682118641E-01
  1.419756273E-01  3.836790308E+01  7.062351105E+00  4.845997809E-01  1.870610560E+00 -7.712492291E-01
  1.571626816E-01  4.247209644E+01  6.384851834E+00  5.335903861E-01  1.793754167E+00 -7.709581198E-01
  1.737873184E-01  4.696478627E+01  5.777560058E+00  5.780682574E-01  1.711649119E+00 -7.665696107E-01
  1.889743727E-01  5.106897962E+01  5.318050443E+00  6.111676140E-01  1.640111455E+00 -7.600201712E-01
  2.000961600E-01  5.407456350E+01  5.027611033E+00  6.313729888E-01  1.590140072E+00 -7.540855332E-01
  2.051900000E-01  5.545113752E+01  4.905729274E+00  6.395982857E-01  1.567966900E+00 -7.511072521E-01
  2.051900000E-01  5.545113752E+01  4.905729274E+00  6.395982857E-01  1.567966900E+00 -7.511072521E-01
  2.123366389E-01  5.738246584E+01  4.745175989E+00  6.501338657E-01  1.537591725E+00 -7.466834188E-01
  2.279404659E-01  6.159928905E+01  4.431019077E+00  6.694341222E-01  1.474188410E+00 -7.361773393E-01
  2.492478476E-01  6.735745735E+01  4.064172657E+00  6.887489711E-01  1.393661121E+00 -7.203289783E-01
  2.725721524E-01  7.366068477E+01  3.724418547E+00  7.022712529E-01  1.313191688E+00 -7.015494021E-01
  2.938795341E-01  7.941885307E+01  3.458297125E+00  7.089549137E-01  1.245766734E+00 -6.835236891E-01
  3.094833611E-01  8.363567628E+01  3.284779875E+00  7.110029690E-01  1.199571466E+00 -6.699162334E-01
  3.166300000E-01  8.556700460E+01  3.210388049E+00  7.112415784E-01  1.179253092E+00 -6.635891501E-01
  3.166300000E-01  8.556700460E+01  3.210388049E+00  7.112415784E-01  1.179253092E+00 -6.635891501E-01
  3.266567139E-01  8.827665268E+01  3.111431626E+00  7.109166448E-01  1.151671868E+00 -6.546155796E-01
  3.485488383E-01  9.419284354E+01  2.911656267E+00  7.078261499E-01  1.094264368E+00 -6.347380348E-01
  3.784430336E-01  1.022715371E+02  2.670164569E+00  6.993663007E-01  1.021381259E+00 -6.070682824E-01
  4.111669664E-01  1.111149471E+02  2.440585069E+00  6.860185364E-01  9.484379253E-01 -5.763313496E-01
  4.410611617E-01  1.191936407E+02  2.254894995E+00  6.711807928E-01  8.869579031E-01 -5.479596917E-01
  4.629532861E-01  1.251098315E+02  2.129925955E+00  6.591715245E-01  8.446724710E-01 -5.269935931E-01
  4.729800000E-01  1.278194796E+02  2.075332413E+00  6.534138083E-01  8.260811259E-01 -5.173477892E-01
  4.729800000E-01  1.278194796E+02  2.075332413E+00  6.534138083E-01  8.260811259E-01 -5.173477892E-01
  4.870449753E-01  1.316204391E+02  2.003963942E+00  6.451542592E-01  8.012813071E-01 -5.038124342E-01
  5.177541581E-01  1.399193773E+02  1.855595318E+00  6.263666888E-01  7.498269589E-01 -4.741247248E-01
  5.596882478E-01  1.512517666E+02  1.675893731E+00  5.996974405E-01  6.871467009E-01 -4.333934556E-01
  6.055917522E-01  1.636568621E+02  1.507722672E+00  5.701677104E-01  6.285942435E-01 -3.886168735E-01
  6.475258419E-01  1.749892515E+02  1.373087911E+00  5.436778857E-01  5.826501784E-01 -3.477082078E-01
  6.782350247E-01  1.832881896E+02  1.282054130E+00  5.249944396E-01  5.525254656E-01 -3.176341581E-01
  6.923000000E-01  1.870891491E+02  1.242351216E+00  5.166982943E-01  5.396260034E-01 -3.038965230E-01
  6.923000000E-01  1.870891491E+02  1.242351216E+00  5.166982943E-01  5.396260034E-01 -3.038965230E-01
  7.120327782E-01  1.924217920E+02  1.192989831E+00  5.055049894E-01  5.232481904E-01 -2.845469497E-01
  7.551169271E-01  2.040649767E+02  1.088056703E+00  4.826526078E-01  4.903416059E-01 -2.422898234E-01
  8.139493153E-01  2.199640110E+02  9.726084378E-01  4.559017486E-01  4.543380816E-01 -1.845850002E-01
  8.783506847E-01  2.373680228E+02  8.872244518E-01  4.339026588E-01  4.268810860E-01 -1.214520252E-01
  9.371830729E-01  2.532670572E+02  8.426399158E-01  4.215907940E-01  4.116813066E-01 -6.367382812E-02
  9.802672218E-01  2.649102419E+02  8.276218087E-01  4.175406002E-01  4.062571891E-01 -2.136211668E-02
  1.000000000E+00  2.702428847E+02  8.244536319E-01  4.170683952E-01  4.052885834E-01 -1.998420971E-03
